                                  Dem  Lib   Rep    Una
Age         Gender Race Ethnic                         
18-25       F      A    HL      40.6% 0.0% 10.4%  49.1%
                        NL      37.9% 0.8%  8.7%  52.6%
                        UN      35.6% 0.6%  9.1%  54.7%
                   B    HL      68.8% 0.4%  1.9%  28.8%
                        NL      72.8% 0.5%  2.7%  24.0%
                        UN      71.6% 0.4%  2.0%  26.0%
                   I    HL      39.4% 3.8% 10.6%  46.2%
                        NL      42.8% 0.8% 16.3%  40.2%
                        UN      42.2% 1.3% 17.5%  39.0%
                   M    HL      45.8% 2.0%  9.0%  43.2%
                        NL      46.1% 1.4%  8.1%  44.4%
                        UN      49.1% 1.2%  8.2%  41.6%
                   O    HL      45.6% 1.5%  8.6%  44.3%
                        NL      37.9% 1.4% 11.3%  49.4%
                        UN      38.1% 1.3% 10.1%  50.5%
                   U    HL      46.5% 1.1%  6.4%  46.0%
                        NL      25.2% 0.4% 13.4%  61.0%
                        UN      24.6% 0.7% 11.7%  63.0%
                   W    HL      39.2% 1.4% 14.2%  45.1%
                        NL      18.4% 1.1% 35.0%  45.5%
                        UN      18.8% 1.2% 35.0%  45.0%
            M      A    HL      34.0% 1.9%  7.8%  56.3%
                        NL      29.2% 0.9% 11.3%  58.5%
                        UN      26.7% 1.0% 10.5%  61.8%
                   B    HL      56.7% 0.8%  3.7%  38.9%
                        NL      65.3% 0.5%  4.0%  30.1%
                        UN      65.9% 0.3%  3.0%  30.8%
                   I    HL      31.9% 3.2% 17.0%  47.9%
                        NL      39.2% 1.0% 18.6%  41.3%
                        UN      31.9% 0.6% 18.4%  49.1%
                   M    HL      33.5% 2.0% 13.1%  51.4%
                        NL      36.7% 1.6% 12.9%  48.8%
                        UN      38.6% 1.5% 11.2%  48.7%
                   O    HL      37.1% 1.2% 12.3%  49.4%
                        NL      31.3% 1.6% 15.0%  52.1%
                        UN      30.7% 1.4% 12.8%  55.2%
                   U    HL      41.8% 1.6%  7.5%  49.1%
                        NL      19.7% 1.2% 16.1%  63.0%
                        UN      20.3% 0.8% 15.9%  63.0%
                   W    HL      31.0% 1.4% 18.0%  49.6%
                        NL      13.8% 1.6% 39.4%  45.2%
                        UN      14.2% 1.5% 40.4%  43.9%
            U      A    HL      50.0% 0.0%  0.0%  50.0%
                        NL      53.7% 2.4%  4.9%  39.0%
                        UN      41.6% 0.3%  8.8%  49.4%
                   B    HL      66.7% 0.0% 22.2%  11.1%
                        NL      69.4% 0.4%  1.6%  28.6%
                        UN      64.6% 0.2%  1.9%  33.3%
                   I    HL      50.0% 0.0%  0.0%  50.0%
                        NL      41.7% 0.0% 16.7%  41.7%
                        UN      34.5% 0.0% 23.8%  41.7%
                   M    HL      50.0% 0.0%  4.2%  45.8%
                        NL      38.0% 0.0% 14.0%  48.0%
                        UN      37.2% 1.3% 10.7%  50.8%
                   O    HL      45.4% 1.6%  7.0%  45.9%
                        NL      24.1% 3.4%  3.4%  69.0%
                        UN      36.4% 0.0%  8.6%  55.1%
                   U    HL      42.4% 0.7%  8.3%  48.6%
                        NL      22.1% 1.5% 13.2%  63.2%
                        UN      11.7% 0.3%  8.2%  79.7%
                   W    HL      21.6% 2.0% 31.4%  45.1%
                        NL      20.8% 1.5% 34.7%  43.0%
                        UN      17.4% 1.0% 38.3%  43.3%
26-40       F      A    HL      44.5% 0.9% 19.1%  35.5%
                        NL      36.9% 0.6% 12.8%  49.7%
                        UN      36.6% 0.6% 12.6%  50.2%
                   B    HL      72.4% 0.7%  3.0%  24.0%
                        NL      80.0% 0.2%  2.3%  17.4%
                        UN      80.4% 0.2%  1.9%  17.5%
                   I    HL      52.2% 3.7% 12.7%  31.3%
                        NL      53.3% 0.3% 13.2%  33.2%
                        UN      48.1% 0.6% 15.5%  35.8%
                   M    HL      47.0% 1.6% 10.7%  40.7%
                        NL      52.7% 1.3%  9.3%  36.8%
                        UN      56.9% 0.9%  7.0%  35.2%
                   O    HL      44.3% 1.0% 12.2%  42.5%
                        NL      40.6% 0.8% 14.1%  44.5%
                        UN      43.8% 0.8% 11.0%  44.4%
                   U    HL      48.0% 0.8%  8.7%  42.5%
                        NL      39.5% 1.0% 16.5%  43.0%
                        UN      35.2% 0.7% 14.0%  50.1%
                   W    HL      38.0% 1.2% 17.2%  43.6%
                        NL      22.9% 0.8% 35.1%  41.2%
                        UN      24.7% 0.9% 33.1%  41.4%
            M      A    HL      38.0% 1.4%  8.5%  52.1%
                        NL      31.6% 0.7% 14.1%  53.7%
                        UN      34.1% 0.5% 12.4%  53.0%
                   B    HL      63.2% 1.0%  6.3%  29.5%
                        NL      71.5% 0.4%  3.7%  24.4%
                        UN      76.7% 0.3%  2.3%  20.8%
                   I    HL      43.4% 1.2% 16.9%  38.6%
                        NL      45.5% 0.6% 16.5%  37.4%
                        UN      42.7% 0.8% 19.8%  36.6%
                   M    HL      35.8% 1.4% 15.0%  47.8%
                        NL      40.0% 1.5% 13.5%  44.9%
                        UN      47.9% 1.5% 11.0%  39.7%
                   O    HL      37.3% 1.2% 15.6%  45.8%
                        NL      32.1% 1.2% 16.8%  49.8%
                        UN      35.3% 1.7% 12.3%  50.7%
                   U    HL      46.8% 0.6% 11.0%  41.6%
                        NL      28.9% 0.9% 20.8%  49.4%
                        UN      27.7% 1.1% 16.9%  54.2%
                   W    HL      30.8% 1.5% 22.4%  45.3%
                        NL      17.3% 1.3% 38.3%  43.1%
                        UN      18.7% 1.4% 37.8%  42.1%
            U      A    HL       0.0% 0.0% 50.0%  50.0%
                        NL      41.9% 0.0%  8.1%  50.0%
                        UN      39.8% 0.0% 12.6%  47.6%
                   B    HL      80.0% 0.0%  0.0%  20.0%
                        NL      78.6% 0.2%  1.6%  19.6%
                        UN      74.2% 0.2%  1.6%  24.0%
                   I    NL      26.1% 0.0% 17.4%  56.5%
                        UN      33.0% 0.0% 16.5%  50.5%
                   M    HL      52.4% 0.0%  4.8%  42.9%
                        NL      48.6% 0.0% 17.1%  34.3%
                        UN      48.3% 1.6% 11.7%  38.4%
                   O    HL      47.9% 1.7% 14.0%  36.4%
                        NL      35.5% 3.2%  9.7%  51.6%
                        UN      33.2% 1.7% 11.4%  53.7%
                   U    HL      42.1% 0.5% 11.1%  46.3%
                        NL      32.3% 0.5% 19.9%  47.2%
                        UN      19.5% 0.7% 12.0%  67.9%
                   W    HL      29.8% 0.0% 25.5%  44.7%
                        NL      25.9% 1.8% 30.7%  41.6%
                        UN      25.5% 1.1% 34.6%  38.7%
41-65       F      A    HL      38.9% 0.8% 21.4%  38.9%
                        NL      30.5% 0.4% 20.2%  48.9%
                        UN      30.3% 0.3% 19.3%  50.2%
                   B    HL      79.3% 0.2%  3.2%  17.3%
                        NL      88.1% 0.1%  2.0%   9.8%
                        UN      86.3% 0.1%  1.7%  11.9%
                   I    HL      52.0% 1.0% 14.3%  32.7%
                        NL      65.8% 0.2% 13.4%  20.5%
                        UN      53.2% 0.5% 19.3%  27.0%
                   M    HL      48.0% 0.8% 14.9%  36.2%
                        NL      56.2% 0.9% 13.3%  29.5%
                        UN      58.4% 0.9% 12.7%  28.1%
                   O    HL      49.3% 0.5% 16.7%  33.5%
                        NL      40.4% 0.4% 22.5%  36.7%
                        UN      45.1% 0.5% 15.3%  39.1%
                   U    HL      48.6% 0.3% 13.2%  37.8%
                        NL      42.6% 0.1% 22.0%  35.2%
                        UN      37.0% 0.4% 17.9%  44.7%
                   W    HL      37.9% 0.5% 22.6%  39.0%
                        NL      28.6% 0.2% 43.2%  28.0%
                        UN      25.6% 0.4% 41.2%  32.8%
            M      A    HL      41.8% 0.0% 18.4%  39.8%
                        NL      26.8% 0.6% 18.4%  54.2%
                        UN      28.1% 0.3% 16.1%  55.4%
                   B    HL      72.6% 0.3%  7.4%  19.7%
                        NL      81.7% 0.1%  3.2%  14.9%
                        UN      82.9% 0.1%  2.3%  14.7%
                   I    HL      43.8% 1.2% 17.5%  37.5%
                        NL      59.5% 0.2% 17.5%  22.8%
                        UN      45.3% 0.9% 23.6%  30.3%
                   M    HL      40.3% 0.8% 17.0%  41.8%
                        NL      36.9% 1.3% 21.7%  40.2%
                        UN      40.1% 0.7% 18.9%  40.3%
                   O    HL      44.8% 0.5% 20.2%  34.5%
                        NL      34.1% 0.7% 24.7%  40.5%
                        UN      36.0% 0.7% 16.8%  46.4%
                   U    HL      48.2% 0.6% 14.1%  37.1%
                        NL      32.9% 0.3% 28.5%  38.3%
                        UN      30.5% 0.6% 21.8%  47.1%
                   W    HL      34.1% 0.6% 26.3%  39.1%
                        NL      21.8% 0.4% 47.5%  30.3%
                        UN      18.3% 0.7% 45.4%  35.6%
            U      A    HL       0.0% 0.0%  0.0% 100.0%
                        NL      34.4% 0.0% 16.1%  49.5%
                        UN      35.7% 0.3% 15.2%  48.9%
                   B    HL      71.4% 0.0%  7.1%  21.4%
                        NL      82.8% 0.2%  2.0%  15.1%
                        UN      79.6% 0.1%  2.3%  18.0%
                   I    HL       0.0% 0.0%  0.0% 100.0%
                        NL      53.8% 0.0% 26.9%  19.2%
                        UN      38.7% 0.8% 28.6%  31.9%
                   M    HL      38.5% 0.0%  7.7%  53.8%
                        NL      36.0% 0.0% 24.0%  40.0%
                        UN      51.2% 0.6% 16.2%  31.9%
                   O    HL      49.0% 0.0% 22.8%  28.3%
                        NL      42.7% 0.0% 10.7%  46.7%
                        UN      45.7% 0.0% 12.2%  42.1%
                   U    HL      43.4% 0.7% 16.4%  39.4%
                        NL      37.0% 0.4% 22.1%  40.4%
                        UN      22.2% 0.3% 15.7%  61.9%
                   W    HL      29.9% 0.0% 28.6%  41.6%
                        NL      25.2% 0.5% 41.0%  33.3%
                        UN      26.1% 0.5% 41.5%  31.9%
66 and over F      A    HL      32.4% 0.0% 26.5%  41.2%
                        NL      34.2% 0.4% 26.6%  38.8%
                        UN      31.7% 0.6% 26.1%  41.7%
                   B    HL      82.2% 0.0%  2.6%  15.1%
                        NL      95.0% 0.0%  1.1%   3.9%
                        UN      91.7% 0.1%  1.2%   7.1%
                   I    HL      68.2% 4.5% 18.2%   9.1%
                        NL      75.8% 0.1% 11.7%  12.4%
                        UN      65.3% 0.0% 16.3%  18.3%
                   M    HL      57.3% 0.8%  8.9%  33.1%
                        NL      57.0% 0.0% 11.4%  31.6%
                        UN      61.7% 0.3% 11.8%  26.3%
                   O    HL      57.5% 0.3% 18.7%  23.4%
                        NL      44.1% 0.1% 27.9%  27.9%
                        UN      47.0% 0.3% 22.2%  30.5%
                   U    HL      53.9% 0.4% 15.6%  30.1%
                        NL      48.4% 0.1% 23.0%  28.6%
                        UN      38.5% 0.1% 22.7%  38.7%
                   W    HL      45.3% 0.3% 26.8%  27.6%
                        NL      39.9% 0.1% 39.7%  20.3%
                        UN      30.3% 0.2% 41.8%  27.7%
            M      A    HL      41.2% 0.0% 23.5%  35.3%
                        NL      33.9% 0.5% 21.9%  43.8%
                        UN      31.4% 0.2% 20.2%  48.2%
                   B    HL      77.6% 0.0%  4.7%  17.8%
                        NL      91.0% 0.0%  2.3%   6.7%
                        UN      88.2% 0.0%  1.9%   9.9%
                   I    HL      60.0% 0.0% 26.7%  13.3%
                        NL      73.0% 0.2% 13.5%  13.3%
                        UN      55.3% 0.5% 20.9%  23.3%
                   M    HL      47.1% 0.8% 20.7%  31.4%
                        NL      40.4% 0.9% 20.9%  37.8%
                        UN      42.5% 1.1% 22.4%  34.0%
                   O    HL      57.7% 0.4% 19.0%  23.0%
                        NL      39.4% 0.1% 24.5%  35.9%
                        UN      40.7% 0.6% 20.0%  38.7%
                   U    HL      53.8% 0.1% 17.8%  28.2%
                        NL      37.5% 0.2% 27.8%  34.5%
                        UN      31.8% 0.6% 23.9%  43.7%
                   W    HL      41.2% 0.2% 27.3%  31.3%
                        NL      33.1% 0.1% 42.3%  24.5%
                        UN      23.4% 0.3% 43.3%  33.1%
            U      A    NL      26.7% 0.0% 43.3%  30.0%
                        UN      30.3% 0.0% 23.0%  46.7%
                   B    HL     100.0% 0.0%  0.0%   0.0%
                        NL      89.3% 0.0%  0.5%  10.2%
                        UN      83.3% 0.1%  1.5%  15.2%
                   I    NL      25.0% 0.0% 62.5%  12.5%
                        UN      60.6% 0.0% 24.2%  15.2%
                   M    HL      33.3% 0.0%  0.0%  66.7%
                        NL      33.3% 0.0% 16.7%  50.0%
                        UN      74.1% 0.0% 14.8%  11.1%
                   O    HL      42.1% 5.3% 10.5%  42.1%
                        NL      17.6% 0.0% 35.3%  47.1%
                        UN      45.1% 0.0% 19.6%  35.3%
                   U    HL      52.1% 0.0% 20.8%  27.1%
                        NL      42.8% 0.0% 27.1%  30.1%
                        UN      25.2% 0.1% 19.2%  55.5%
                   W    HL      31.2% 0.0% 25.0%  43.8%
                        NL      31.4% 0.3% 37.8%  30.4%
                        UN      31.0% 0.1% 41.7%  27.1%
All                             39.0% 0.5% 30.4%  30.1%
